61.17	-150.00
38.00	23.73
33.4	44.4
13.73	100.50
39.92	116.43
52.53	13.42
32.3	-64.7
42.33	-71.08
-15.8	-47.9
-4.2	15.3
-34.67	-58.50
31.05	31.25
22.5	88.3
-33.93	18.47
33.6	-7.6
41.83	-87.75
32.78	-96.80
28.63	77.20
39.75	-105.00
24.23	55.28
-27.1	-109.4
-18.0	178.1
13.5	144.8
60.13	25.00
22.2	114.1
21.32	-157.83
52.2	104.3
41.0	29.0
-6.13	106.75
31.8	35.2
34.5	69.2
27.7	85.3
50.4	30.5
3.13	101.70
6.45	3.47
-12.10	-77.05
51.50	-0.17
40.42	-3.72
14.6	121.0
21.5	39.8
19.4	-99.1
25.8	-80.2
6.2	-10.8
45.5	-73.5
55.75	37.70
-1.28	36.83
59.93	10.75
48.87	2.33
-32.0	115.9
45.5	-122.5
-0.2	-78.5
64.15	-21.97
-22.88	-43.28
41.88	12.50
11.0	106.7
37.75	-122.45
9.98	-84.07
18.5	-66.1
-33.5	-70.7
1.2	103.9
42.67	23.30
59.33	18.08
-33.92	151.17
-17.6	-149.5
16.8	-3.0
35.67	139.75
43.70	-79.42
32.9	13.2
47.9	106.9
49.22	-123.10
48.22	16.37
38.9	-77.0
-41.28	174.78
62.5	-114.3
90.00	0.00
-90.00	0.00
